5
6541
6803
6671
6720
6507
Start
Lorem
5
1
20
4
14
2
17
0
13
3
10
ad
5
1
18
0
14
3
13
2
18
4
18
adipisicing
5
0
13
3
21
2
14
1
22
4
8
aliqua
5
4
15
3
17
0
21
1
17
2
13
aliquip
5
0
21
1
17
3
16
4
7
2
17
amet
5
4
21
1
8
2
12
0
11
3
11
anim
5
0
13
4
16
3
17
2
18
1
10
aute
5
0
21
4
15
3
15
2
19
1
15
car
1
2
1
cillum
5
3
17
4
11
0
12
2
14
1
11
commodo
5
2
10
3
15
1
21
4
13
0
12
consectetur
5
2
21
4
20
0
17
3
16
1
18
consequat
5
2
21
3
14
0
18
1
20
4
19
culpa
5
4
11
3
15
2
14
0
23
1
16
cupidatat
5
0
9
4
17
3
22
1
18
2
12
deserunt
5
0
24
1
22
4
14
2
21
3
18
do
5
0
14
3
15
4
24
2
16
1
8
dolor
5
0
17
4
17
3
15
1
21
2
12
dolore
5
0
25
1
17
2
15
3
18
4
23
duis
5
0
11
4
23
3
16
1
10
2
16
ea
5
0
18
2
14
4
19
3
18
1
12
eiusmod
5
2
16
4
19
3
12
1
15
0
14
elit
5
4
17
1
15
3
17
0
12
2
13
enim
5
0
15
3
18
4
11
2
16
1
9
esse
5
3
13
4
12
2
18
0
16
1
15
est
5
0
15
4
17
3
16
1
12
2
13
et
5
0
22
1
20
4
19
2
15
3
18
eu
5
0
13
4
15
3
18
1
21
2
16
ex
5
0
14
4
18
3
11
2
15
1
5
excepteur
5
3
13
4
20
0
17
1
18
2
13
exercitation
5
0
14
3
23
4
17
1
16
2
13
fugiat
5
0
17
4
15
3
22
1
18
2
16
good
3
1
2
3
2
4
2
id
5
0
18
1
17
2
19
4
15
3
17
in
5
0
17
1
27
4
20
3
12
2
16
incididunt
5
1
15
3
16
0
11
2
13
4
14
ipsum
5
3
18
4
18
0
16
2
22
1
19
irure
5
0
18
1
11
4
15
2
17
3
13
labore
5
0
15
1
18
3
18
4
17
2
18
laboris
5
1
23
3
12
4
8
2
22
0
16
laborum
5
0
16
1
24
2
18
3
11
4
17
magna
5
0
20
2
19
4
16
3
20
1
14
man
3
1
2
0
1
3
1
minim
5
4
14
1
13
3
18
2
13
0
7
mollit
5
0
19
1
18
2
18
4
19
3
13
nisi
5
4
14
3
10
0
17
2
14
1
16
non
5
4
16
3
21
2
14
1
13
0
17
nostrud
5
0
16
1
15
3
18
4
26
2
14
nulla
5
0
16
3
13
4
10
2
18
1
21
occaecat
5
0
19
4
21
3
22
2
21
1
11
officia
5
0
15
3
12
4
13
2
10
1
21
pariatur
5
4
13
3
16
2
22
1
11
0
16
proident
5
4
18
3
16
1
19
0
17
2
16
qui
5
0
20
1
11
2
18
3
10
4
15
quis
5
0
18
3
15
4
17
1
12
2
17
reprehenderit
5
0
17
1
23
3
17
4
15
2
19
sint
5
0
20
1
15
4
20
3
16
2
20
sit
5
0
15
3
13
1
13
4
18
2
8
six
1
3
3
sunt
5
0
16
1
24
4
19
3
18
2
17
tempor
5
0
15
1
14
4
15
2
19
3
12
ullamco
5
3
13
0
14
2
18
4
16
1
8
ut
5
3
21
4
12
2
13
1
18
0
20
velit
5
2
15
3
19
0
19
1
19
4
16
veniam
5
0
13
2
17
1
14
3
22
4
13
voluptate
5
0
10
4
12
2
16
1
14
3
21
