5
6541
1000
6803
1000
6671
1000
6731
1000
6512
1000
Start
Lorem
5
1
20
4
14
0
13
2
17
3
10
ad
5
1
18
0
14
3
13
2
18
4
18
adipisicing
5
0
13
2
14
3
21
1
22
4
8
aliqua
5
3
17
4
15
1
17
0
21
2
13
aliquip
5
1
17
0
21
3
16
2
17
4
7
amet
5
1
8
4
22
0
11
2
12
3
11
anim
5
0
13
2
18
3
17
4
16
1
10
aute
5
0
21
4
15
3
15
2
19
1
15
car
1
2
1
cillum
5
3
17
0
12
2
14
4
11
1
11
commodo
5
1
21
2
10
3
15
4
13
0
12
consectetur
5
2
21
3
16
4
20
0
17
1
18
consequat
5
3
14
2
21
0
18
4
19
1
20
culpa
5
3
15
2
14
1
16
4
11
0
23
cupidatat
5
0
9
3
22
4
17
1
18
2
12
deserunt
5
0
24
1
22
2
21
3
18
4
14
do
5
0
14
3
15
2
16
4
24
1
8
dolor
5
0
17
3
15
4
17
1
21
2
12
dolore
5
0
25
1
17
2
15
3
18
4
23
duis
5
1
10
0
11
3
16
4
23
2
16
ea
5
0
18
2
14
4
19
3
18
1
12
eiusmod
5
2
16
4
19
3
12
0
14
1
15
elit
5
1
15
4
17
3
17
0
12
2
13
enim
5
0
15
1
9
3
18
2
16
4
11
esse
5
3
13
4
12
0
16
2
18
1
15
est
5
0
15
1
12
3
16
4
17
2
13
et
5
0
22
1
20
4
19
2
15
3
18
eu
5
1
21
0
13
3
18
4
15
2
16
ex
5
0
14
3
11
4
18
2
15
1
5
excepteur
5
3
13
0
17
4
20
1
18
2
13
exercitation
5
1
16
3
23
0
14
4
17
2
13
fugiat
5
0
17
3
22
4
15
2
16
1
18
good
3
1
2
3
2
4
2
id
5
0
18
1
17
2
19
3
17
4
15
in
5
0
17
1
27
4
20
3
12
2
16
incididunt
5
1
15
3
17
0
11
2
13
4
14
ipsum
5
3
18
4
18
0
16
2
22
1
19
irure
5
0
18
1
11
2
17
4
15
3
13
labore
5
0
15
1
18
3
18
2
18
4
17
laboris
5
1
23
3
12
0
16
2
22
4
8
laborum
5
0
16
1
24
2
18
3
11
4
17
magna
5
2
19
0
20
3
20
4
16
1
14
man
3
1
2
0
1
3
1
minim
5
4
14
1
13
3
18
2
13
0
7
mollit
5
0
19
1
18
2
18
4
19
3
13
nisi
5
3
10
4
14
0
17
2
14
1
16
non
5
1
13
3
21
4
16
0
17
2
14
nostrud
5
0
16
1
15
3
18
4
26
2
14
nulla
5
0
16
3
13
4
10
2
18
1
21
occaecat
5
0
19
3
22
4
21
2
21
1
11
officia
5
0
15
3
12
2
10
4
13
1
21
pariatur
5
3
16
4
13
1
11
0
16
2
22
proident
5
4
18
1
19
3
16
0
17
2
16
qui
5
0
20
1
11
2
18
3
10
4
15
quis
5
0
18
3
15
1
12
2
17
4
17
reprehenderit
5
0
17
1
23
3
17
2
19
4
15
sint
5
0
20
1
15
3
16
4
20
2
20
sit
5
0
15
3
13
4
18
1
13
2
8
six
1
3
3
sunt
5
0
16
1
24
4
19
3
18
2
17
tempor
5
0
15
1
14
2
19
3
12
4
15
ullamco
5
3
13
0
14
2
18
4
16
1
8
ut
5
3
21
0
20
2
13
4
12
1
18
velit
5
2
15
3
19
0
19
1
19
4
16
veniam
5
1
14
2
17
0
13
3
22
4
13
voluptate
5
0
10
4
12
2
16
3
21
1
14
